response-time,DNS+dialup,DNS,Request-write,Response-delay,Response-read,status-code,offset
0.1810,0.1337,0.0972,0.0003,0.0467,0.0002,200,0.0037
0.0726,0.0000,0.0000,0.0000,0.0724,0.0001,200,0.1848
0.0467,0.0000,0.0000,0.0000,0.0465,0.0001,200,0.2574
0.0545,0.0000,0.0000,0.0000,0.0543,0.0001,200,0.3042
0.0443,0.0000,0.0000,0.0000,0.0442,0.0001,200,0.3587
0.0519,0.0000,0.0000,0.0000,0.0516,0.0002,200,0.4030
0.0625,0.0000,0.0000,0.0001,0.0621,0.0002,200,0.4549
0.0439,0.0000,0.0000,0.0001,0.0436,0.0001,200,0.5173
0.0575,0.0000,0.0000,0.0000,0.0573,0.0001,200,0.5613
0.0542,0.0000,0.0000,0.0001,0.0539,0.0001,200,0.6188
0.0661,0.0000,0.0000,0.0000,0.0658,0.0001,200,0.6730
0.0546,0.0000,0.0000,0.0000,0.0544,0.0001,200,0.7391
0.0596,0.0000,0.0000,0.0001,0.0594,0.0001,200,0.7937
0.0628,0.0000,0.0000,0.0000,0.0627,0.0001,200,0.8533
0.0778,0.0000,0.0000,0.0000,0.0777,0.0001,200,0.9162
0.0678,0.0000,0.0000,0.0000,0.0677,0.0001,200,0.9940
0.0652,0.0000,0.0000,0.0000,0.0650,0.0001,200,1.0618
0.0448,0.0000,0.0000,0.0000,0.0446,0.0001,200,1.1270
0.0675,0.0000,0.0000,0.0000,0.0674,0.0001,200,1.1718
0.0705,0.0000,0.0000,0.0000,0.0703,0.0001,200,1.2394
0.0417,0.0000,0.0000,0.0000,0.0416,0.0001,200,1.3099
0.0620,0.0000,0.0000,0.0000,0.0618,0.0001,200,1.3516
0.0461,0.0000,0.0000,0.0000,0.0459,0.0001,200,1.4136
0.0372,0.0000,0.0000,0.0000,0.0370,0.0001,200,1.4597
0.0677,0.0000,0.0000,0.0001,0.0673,0.0002,200,1.4969
0.0431,0.0000,0.0000,0.0000,0.0429,0.0001,200,1.5645
0.0564,0.0000,0.0000,0.0000,0.0563,0.0001,200,1.6077
0.0563,0.0000,0.0000,0.0000,0.0560,0.0001,200,1.6641
0.0422,0.0000,0.0000,0.0000,0.0420,0.0001,200,1.7204
0.0477,0.0000,0.0000,0.0000,0.0476,0.0001,200,1.7626
0.0443,0.0000,0.0000,0.0001,0.0441,0.0001,200,1.8103
0.0613,0.0000,0.0000,0.0000,0.0611,0.0001,200,1.8546
0.0683,0.0000,0.0000,0.0001,0.0681,0.0001,200,1.9159
0.0542,0.0000,0.0000,0.0000,0.0540,0.0001,200,1.9842
0.0436,0.0000,0.0000,0.0000,0.0435,0.0001,200,2.0384
0.0606,0.0000,0.0000,0.0000,0.0604,0.0001,200,2.0820
0.0464,0.0000,0.0000,0.0001,0.0461,0.0002,200,2.1426
0.0398,0.0000,0.0000,0.0000,0.0396,0.0001,200,2.1890
0.0448,0.0000,0.0000,0.0000,0.0445,0.0001,200,2.2288
0.0460,0.0000,0.0000,0.0001,0.0458,0.0001,200,2.2735
0.0653,0.0000,0.0000,0.0000,0.0652,0.0001,200,2.3196
0.0599,0.0000,0.0000,0.0000,0.0596,0.0002,200,2.3849
0.0523,0.0000,0.0000,0.0000,0.0520,0.0001,200,2.4447
0.0404,0.0000,0.0000,0.0000,0.0402,0.0001,200,2.4970
0.0559,0.0000,0.0000,0.0000,0.0557,0.0001,200,2.5373
0.0613,0.0000,0.0000,0.0000,0.0610,0.0002,200,2.5933
0.0441,0.0000,0.0000,0.0000,0.0439,0.0001,200,2.6546
0.0677,0.0000,0.0000,0.0000,0.0674,0.0001,200,2.6987
0.0428,0.0000,0.0000,0.0001,0.0426,0.0001,200,2.7664
0.0364,0.0000,0.0000,0.0000,0.0362,0.0001,200,2.8092
0.0729,0.0000,0.0000,0.0000,0.0727,0.0001,200,2.8455
0.0478,0.0000,0.0000,0.0000,0.0476,0.0001,200,2.9184
0.0519,0.0000,0.0000,0.0000,0.0516,0.0002,200,2.9662
0.0330,0.0000,0.0000,0.0000,0.0329,0.0001,200,3.0181
0.0398,0.0000,0.0000,0.0000,0.0396,0.0002,200,3.0511
0.0740,0.0000,0.0000,0.0000,0.0738,0.0001,200,3.0910
0.0508,0.0000,0.0000,0.0000,0.0505,0.0001,200,3.1650
0.0454,0.0000,0.0000,0.0000,0.0452,0.0001,200,3.2157
0.0712,0.0000,0.0000,0.0000,0.0710,0.0001,200,3.2611
0.0624,0.0000,0.0000,0.0001,0.0621,0.0001,200,3.3323
0.0465,0.0000,0.0000,0.0000,0.0463,0.0001,200,3.3947
0.0730,0.0000,0.0000,0.0000,0.0728,0.0001,200,3.4411
0.0525,0.0000,0.0000,0.0000,0.0524,0.0001,200,3.5141
0.0754,0.0000,0.0000,0.0000,0.0752,0.0001,200,3.5667
0.0535,0.0000,0.0000,0.0001,0.0532,0.0001,200,3.6421
0.0527,0.0000,0.0000,0.0001,0.0525,0.0001,200,3.6955
0.0740,0.0000,0.0000,0.0000,0.0739,0.0001,200,3.7483
0.0424,0.0000,0.0000,0.0000,0.0423,0.0001,200,3.8223
0.0410,0.0000,0.0000,0.0000,0.0408,0.0002,200,3.8647
0.0633,0.0000,0.0000,0.0000,0.0631,0.0001,200,3.9057
0.0556,0.0000,0.0000,0.0000,0.0555,0.0001,200,3.9690
0.0482,0.0000,0.0000,0.0000,0.0481,0.0001,200,4.0246
0.0662,0.0000,0.0000,0.0000,0.0660,0.0001,200,4.0729
0.0545,0.0000,0.0000,0.0000,0.0543,0.0001,200,4.1391
0.0488,0.0000,0.0000,0.0000,0.0486,0.0001,200,4.1935
0.0553,0.0000,0.0000,0.0000,0.0550,0.0001,200,4.2423
0.0489,0.0000,0.0000,0.0000,0.0488,0.0001,200,4.2976
0.0613,0.0000,0.0000,0.0000,0.0612,0.0001,200,4.3465
0.0773,0.0000,0.0000,0.0000,0.0771,0.0001,200,4.4078
0.0637,0.0000,0.0000,0.0000,0.0636,0.0001,200,4.4852
0.0444,0.0000,0.0000,0.0000,0.0442,0.0001,200,4.5489
0.0710,0.0000,0.0000,0.0000,0.0708,0.0001,200,4.5933
0.0722,0.0000,0.0000,0.0001,0.0720,0.0001,200,4.6643
0.0447,0.0000,0.0000,0.0000,0.0446,0.0001,200,4.7365
0.0625,0.0000,0.0000,0.0000,0.0623,0.0001,200,4.7812
0.0669,0.0000,0.0000,0.0000,0.0667,0.0001,200,4.8437
0.0729,0.0000,0.0000,0.0001,0.0727,0.0001,200,4.9106
0.0421,0.0000,0.0000,0.0000,0.0418,0.0001,200,4.9835
0.0717,0.0000,0.0000,0.0000,0.0715,0.0001,200,5.0257
0.0522,0.0000,0.0000,0.0001,0.0520,0.0001,200,5.0974
0.0521,0.0000,0.0000,0.0000,0.0519,0.0001,200,5.1496
0.0746,0.0000,0.0000,0.0001,0.0744,0.0001,200,5.2017
0.0555,0.0000,0.0000,0.0000,0.0554,0.0001,200,5.2764
0.0554,0.0000,0.0000,0.0001,0.0552,0.0001,200,5.3319
0.0614,0.0000,0.0000,0.0001,0.0612,0.0001,200,5.3873
0.0607,0.0000,0.0000,0.0000,0.0604,0.0001,200,5.4488
0.0619,0.0000,0.0000,0.0000,0.0617,0.0001,200,5.5095
0.0534,0.0000,0.0000,0.0001,0.0532,0.0001,200,5.5714
0.0624,0.0000,0.0000,0.0000,0.0622,0.0001,200,5.6248
0.0482,0.0000,0.0000,0.0000,0.0480,0.0001,200,5.6872
0.0428,0.0000,0.0000,0.0000,0.0426,0.0001,200,5.7354
0.0543,0.0000,0.0000,0.0000,0.0541,0.0001,200,5.7782
0.0389,0.0000,0.0000,0.0000,0.0387,0.0001,200,5.8326
0.0625,0.0000,0.0000,0.0000,0.0624,0.0001,200,5.8715
0.0713,0.0000,0.0000,0.0000,0.0711,0.0001,200,5.9340
0.0631,0.0000,0.0000,0.0000,0.0629,0.0001,200,6.0053
0.0467,0.0000,0.0000,0.0000,0.0466,0.0001,200,6.0685
0.0451,0.0000,0.0000,0.0000,0.0449,0.0001,200,6.1152
0.0304,0.0000,0.0000,0.0000,0.0302,0.0001,200,6.1603
0.0510,0.0000,0.0000,0.0000,0.0507,0.0001,200,6.1907
0.0447,0.0000,0.0000,0.0001,0.0444,0.0001,200,6.2417
0.0457,0.0000,0.0000,0.0000,0.0456,0.0001,200,6.2863
0.0648,0.0000,0.0000,0.0000,0.0646,0.0001,200,6.3321
0.0513,0.0000,0.0000,0.0000,0.0512,0.0001,200,6.3969
0.0601,0.0000,0.0000,0.0000,0.0599,0.0001,200,6.4481
0.0609,0.0000,0.0000,0.0000,0.0607,0.0001,200,6.5083
0.0310,0.0000,0.0000,0.0000,0.0308,0.0001,200,6.5692
0.0628,0.0000,0.0000,0.0000,0.0625,0.0001,200,6.6002
0.0514,0.0000,0.0000,0.0000,0.0512,0.0001,200,6.6629
0.0401,0.0000,0.0000,0.0000,0.0396,0.0001,200,6.7143
0.0548,0.0000,0.0000,0.0000,0.0547,0.0001,200,6.7544
0.0782,0.0000,0.0000,0.0000,0.0780,0.0001,200,6.8092
0.0641,0.0000,0.0000,0.0001,0.0639,0.0001,200,6.8875
0.0444,0.0000,0.0000,0.0000,0.0442,0.0001,200,6.9516
0.0753,0.0000,0.0000,0.0000,0.0752,0.0001,200,6.9960
0.0337,0.0000,0.0000,0.0000,0.0335,0.0002,200,7.0713
0.0692,0.0000,0.0000,0.0000,0.0690,0.0001,200,7.1051
0.0596,0.0000,0.0000,0.0000,0.0595,0.0001,200,7.1743
0.0597,0.0000,0.0000,0.0000,0.0595,0.0001,200,7.2339
0.0710,0.0000,0.0000,0.0000,0.0708,0.0001,200,7.2936
0.0485,0.0000,0.0000,0.0000,0.0484,0.0001,200,7.3645
0.0603,0.0000,0.0000,0.0000,0.0601,0.0001,200,7.4131
0.0608,0.0000,0.0000,0.0000,0.0606,0.0001,200,7.4734
0.0470,0.0000,0.0000,0.0000,0.0468,0.0001,200,7.5341
0.0461,0.0000,0.0000,0.0000,0.0459,0.0001,200,7.5811
0.0461,0.0000,0.0000,0.0000,0.0459,0.0001,200,7.6272
0.0530,0.0000,0.0000,0.0000,0.0528,0.0001,200,7.6733
0.0319,0.0000,0.0000,0.0000,0.0316,0.0002,200,7.7263
0.0308,0.0000,0.0000,0.0001,0.0306,0.0001,200,7.7582
0.0699,0.0000,0.0000,0.0000,0.0697,0.0001,200,7.7890
0.0503,0.0000,0.0000,0.0000,0.0501,0.0001,200,7.8589
0.0555,0.0000,0.0000,0.0000,0.0553,0.0001,200,7.9092
0.0419,0.0000,0.0000,0.0000,0.0417,0.0001,200,7.9647
0.0348,0.0000,0.0000,0.0000,0.0345,0.0001,200,8.0065
0.0455,0.0000,0.0000,0.0000,0.0453,0.0001,200,8.0413
0.0529,0.0000,0.0000,0.0000,0.0527,0.0001,200,8.0868
0.0704,0.0000,0.0000,0.0000,0.0702,0.0001,200,8.1397
0.0634,0.0000,0.0000,0.0000,0.0632,0.0001,200,8.2101
0.0470,0.0000,0.0000,0.0000,0.0469,0.0001,200,8.2734
0.0684,0.0000,0.0000,0.0000,0.0682,0.0001,200,8.3205
0.0473,0.0000,0.0000,0.0000,0.0471,0.0001,200,8.3888
0.0402,0.0000,0.0000,0.0000,0.0400,0.0001,200,8.4361
0.0507,0.0000,0.0000,0.0001,0.0505,0.0001,200,8.4763
0.0290,0.0000,0.0000,0.0000,0.0288,0.0002,200,8.5269
0.0676,0.0000,0.0000,0.0001,0.0673,0.0001,200,8.5559
0.0642,0.0000,0.0000,0.0000,0.0639,0.0002,200,8.6235
0.0491,0.0000,0.0000,0.0000,0.0488,0.0001,200,8.6877
0.0763,0.0000,0.0000,0.0001,0.0761,0.0001,200,8.7368
0.0532,0.0000,0.0000,0.0000,0.0530,0.0001,200,8.8132
0.0495,0.0000,0.0000,0.0000,0.0493,0.0001,200,8.8664
0.0551,0.0000,0.0000,0.0000,0.0549,0.0001,200,8.9159
0.0394,0.0000,0.0000,0.0000,0.0393,0.0001,200,8.9710
0.0484,0.0000,0.0000,0.0000,0.0482,0.0001,200,9.0104
0.0407,0.0000,0.0000,0.0000,0.0405,0.0001,200,9.0588
0.0695,0.0000,0.0000,0.0000,0.0693,0.0001,200,9.0994
0.0726,0.0000,0.0000,0.0000,0.0725,0.0001,200,9.1689
0.0673,0.0000,0.0000,0.0000,0.0671,0.0001,200,9.2416
0.0563,0.0000,0.0000,0.0000,0.0562,0.0001,200,9.3088
0.0737,0.0000,0.0000,0.0000,0.0735,0.0001,200,9.3652
0.0661,0.0000,0.0000,0.0000,0.0659,0.0002,200,9.4388
0.0498,0.0000,0.0000,0.0000,0.0495,0.0001,200,9.5050
0.0695,0.0000,0.0000,0.0000,0.0694,0.0001,200,9.5547
0.0738,0.0000,0.0000,0.0000,0.0736,0.0001,200,9.6242
0.0405,0.0000,0.0000,0.0001,0.0403,0.0001,200,9.6980
0.0433,0.0000,0.0000,0.0000,0.0430,0.0002,200,9.7385
0.0549,0.0000,0.0000,0.0000,0.0547,0.0001,200,9.7818
0.0381,0.0000,0.0000,0.0000,0.0380,0.0001,200,9.8367
0.0620,0.0000,0.0000,0.0000,0.0618,0.0001,200,9.8748
0.0513,0.0000,0.0000,0.0000,0.0511,0.0001,200,9.9368
0.0593,0.0000,0.0000,0.0000,0.0592,0.0001,200,9.9881
0.0570,0.0000,0.0000,0.0000,0.0569,0.0001,200,10.0474
0.0464,0.0000,0.0000,0.0000,0.0463,0.0001,200,10.1044
0.0403,0.0000,0.0000,0.0000,0.0402,0.0001,200,10.1508
0.0458,0.0000,0.0000,0.0000,0.0457,0.0001,200,10.1911
0.0562,0.0000,0.0000,0.0000,0.0561,0.0001,200,10.2370
0.0700,0.0000,0.0000,0.0000,0.0699,0.0001,200,10.2932
0.0673,0.0000,0.0000,0.0000,0.0671,0.0001,200,10.3632
0.0459,0.0000,0.0000,0.0000,0.0457,0.0001,200,10.4305
0.0594,0.0000,0.0000,0.0000,0.0593,0.0001,200,10.4764
0.0684,0.0000,0.0000,0.0000,0.0682,0.0001,200,10.5358
0.0538,0.0000,0.0000,0.0000,0.0537,0.0001,200,10.6042
0.0433,0.0000,0.0000,0.0000,0.0432,0.0001,200,10.6580
0.0330,0.0000,0.0000,0.0000,0.0328,0.0001,200,10.7014
0.0425,0.0000,0.0000,0.0000,0.0423,0.0001,200,10.7343
0.0408,0.0000,0.0000,0.0000,0.0406,0.0001,200,10.7768
0.0629,0.0000,0.0000,0.0000,0.0627,0.0001,200,10.8176
0.0475,0.0000,0.0000,0.0000,0.0473,0.0001,200,10.8805
0.0553,0.0000,0.0000,0.0000,0.0551,0.0001,200,10.9280
0.0397,0.0000,0.0000,0.0000,0.0395,0.0001,200,10.9833
0.0579,0.0000,0.0000,0.0000,0.0576,0.0002,200,11.0230
0.0344,0.0000,0.0000,0.0000,0.0342,0.0001,200,11.0810
0.0605,0.0000,0.0000,0.0000,0.0603,0.0001,200,11.1154
0.0640,0.0000,0.0000,0.0000,0.0637,0.0001,200,11.1759
0.0504,0.0000,0.0000,0.0000,0.0502,0.0001,200,11.2398
0.0469,0.0000,0.0000,0.0000,0.0466,0.0001,200,11.2902
0.0594,0.0000,0.0000,0.0000,0.0592,0.0001,200,11.3371
0.0487,0.0000,0.0000,0.0000,0.0486,0.0001,200,11.3965
0.0583,0.0000,0.0000,0.0000,0.0582,0.0001,200,11.4452
0.0292,0.0000,0.0000,0.0000,0.0291,0.0001,200,11.5035
0.0556,0.0000,0.0000,0.0000,0.0554,0.0001,200,11.5328
0.0356,0.0000,0.0000,0.0000,0.0354,0.0001,200,11.5883
0.0470,0.0000,0.0000,0.0000,0.0468,0.0001,200,11.6239
0.0580,0.0000,0.0000,0.0000,0.0578,0.0001,200,11.6710
0.0470,0.0000,0.0000,0.0000,0.0468,0.0002,200,11.7290
0.0563,0.0000,0.0000,0.0000,0.0561,0.0001,200,11.7761
0.0517,0.0000,0.0000,0.0000,0.0515,0.0001,200,11.8324
0.0534,0.0000,0.0000,0.0000,0.0532,0.0001,200,11.8841
0.0471,0.0000,0.0000,0.0000,0.0469,0.0001,200,11.9375
0.0547,0.0000,0.0000,0.0000,0.0546,0.0001,200,11.9845
0.0672,0.0000,0.0000,0.0000,0.0670,0.0001,200,12.0393
0.0690,0.0000,0.0000,0.0000,0.0688,0.0001,200,12.1065
0.0639,0.0000,0.0000,0.0000,0.0637,0.0001,200,12.1755
0.0498,0.0000,0.0000,0.0000,0.0497,0.0001,200,12.2394
0.0669,0.0000,0.0000,0.0000,0.0667,0.0001,200,12.2892
0.0378,0.0000,0.0000,0.0000,0.0377,0.0001,200,12.3561
0.0475,0.0000,0.0000,0.0000,0.0473,0.0001,200,12.3939
0.0549,0.0000,0.0000,0.0000,0.0547,0.0001,200,12.4414
0.0572,0.0000,0.0000,0.0000,0.0570,0.0001,200,12.4963
0.0442,0.0000,0.0000,0.0001,0.0440,0.0001,200,12.5535
0.0528,0.0000,0.0000,0.0000,0.0527,0.0001,200,12.5977
0.0604,0.0000,0.0000,0.0000,0.0603,0.0001,200,12.6505
0.0634,0.0000,0.0000,0.0001,0.0632,0.0001,200,12.7109
0.0607,0.0000,0.0000,0.0000,0.0605,0.0001,200,12.7743
0.0531,0.0000,0.0000,0.0000,0.0529,0.0001,200,12.8351
0.0458,0.0000,0.0000,0.0000,0.0456,0.0001,200,12.8882
0.0588,0.0000,0.0000,0.0000,0.0586,0.0001,200,12.9340
0.0436,0.0000,0.0000,0.0000,0.0435,0.0001,200,12.9927
0.0718,0.0000,0.0000,0.0000,0.0716,0.0001,200,13.0363
0.0730,0.0000,0.0000,0.0000,0.0728,0.0001,200,13.1081
0.0720,0.0000,0.0000,0.0000,0.0718,0.0001,200,13.1811
0.0396,0.0000,0.0000,0.0001,0.0394,0.0001,200,13.2532
0.0580,0.0000,0.0000,0.0001,0.0578,0.0001,200,13.2928
0.0390,0.0000,0.0000,0.0000,0.0387,0.0002,200,13.3507
0.0548,0.0000,0.0000,0.0001,0.0545,0.0001,200,13.3897
0.0531,0.0000,0.0000,0.0000,0.0529,0.0001,200,13.4445
0.0679,0.0000,0.0000,0.0000,0.0677,0.0001,200,13.4976
0.0665,0.0000,0.0000,0.0000,0.0662,0.0002,200,13.5655
0.0668,0.0000,0.0000,0.0001,0.0665,0.0001,200,13.6320
0.0385,0.0000,0.0000,0.0000,0.0384,0.0001,200,13.6988
0.0322,0.0000,0.0000,0.0000,0.0321,0.0001,200,13.7373
0.0546,0.0000,0.0000,0.0000,0.0545,0.0001,200,13.7696
0.0524,0.0000,0.0000,0.0000,0.0523,0.0001,200,13.8242
0.0401,0.0000,0.0000,0.0000,0.0400,0.0001,200,13.8766
0.0723,0.0000,0.0000,0.0000,0.0722,0.0001,200,13.9168
0.0599,0.0000,0.0000,0.0000,0.0597,0.0001,200,13.9891
0.0514,0.0000,0.0000,0.0000,0.0512,0.0001,200,14.0490
0.0739,0.0000,0.0000,0.0000,0.0737,0.0001,200,14.1004
0.0548,0.0000,0.0000,0.0000,0.0546,0.0001,200,14.1744
0.0502,0.0000,0.0000,0.0000,0.0500,0.0001,200,14.2291
0.0693,0.0000,0.0000,0.0000,0.0691,0.0002,200,14.2793
0.0623,0.0000,0.0000,0.0000,0.0621,0.0001,200,14.3487
0.0619,0.0000,0.0000,0.0000,0.0618,0.0001,200,14.4110
0.0442,0.0000,0.0000,0.0000,0.0441,0.0001,200,14.4729
0.0523,0.0000,0.0000,0.0000,0.0522,0.0001,200,14.5171
0.0410,0.0000,0.0000,0.0000,0.0407,0.0002,200,14.5694
0.0589,0.0000,0.0000,0.0001,0.0587,0.0001,200,14.6104
0.0579,0.0000,0.0000,0.0000,0.0578,0.0001,200,14.6694
0.0515,0.0000,0.0000,0.0000,0.0513,0.0001,200,14.7273
0.0447,0.0000,0.0000,0.0000,0.0445,0.0001,200,14.7788
0.0584,0.0000,0.0000,0.0001,0.0581,0.0001,200,14.8235
0.0765,0.0000,0.0000,0.0000,0.0763,0.0001,200,14.8819
0.0668,0.0000,0.0000,0.0000,0.0666,0.0001,200,14.9584
0.0551,0.0000,0.0000,0.0000,0.0549,0.0001,200,15.0251
0.0556,0.0000,0.0000,0.0000,0.0555,0.0001,200,15.0802
0.0553,0.0000,0.0000,0.0000,0.0551,0.0001,200,15.1359
0.0623,0.0000,0.0000,0.0000,0.0621,0.0001,200,15.1911
0.0582,0.0000,0.0000,0.0000,0.0580,0.0001,200,15.2534
0.0650,0.0000,0.0000,0.0000,0.0649,0.0001,200,15.3116
0.0525,0.0000,0.0000,0.0000,0.0523,0.0001,200,15.3766
0.0588,0.0000,0.0000,0.0000,0.0585,0.0001,200,15.4291
0.0622,0.0000,0.0000,0.0000,0.0620,0.0001,200,15.4879
0.0701,0.0000,0.0000,0.0000,0.0699,0.0001,200,15.5501
0.0518,0.0000,0.0000,0.0000,0.0516,0.0001,200,15.6202
0.0780,0.0000,0.0000,0.0000,0.0779,0.0001,200,15.6720
0.0755,0.0000,0.0000,0.0000,0.0754,0.0001,200,15.7501
0.0413,0.0000,0.0000,0.0000,0.0410,0.0002,200,15.8256
0.0770,0.0000,0.0000,0.0000,0.0767,0.0001,200,15.8669
0.0504,0.0000,0.0000,0.0000,0.0503,0.0001,200,15.9438
0.0421,0.0000,0.0000,0.0000,0.0419,0.0001,200,15.9943
0.0637,0.0000,0.0000,0.0000,0.0636,0.0001,200,16.0364
0.0434,0.0000,0.0000,0.0000,0.0432,0.0001,200,16.1001
0.0569,0.0000,0.0000,0.0000,0.0567,0.0001,200,16.1436
0.0406,0.0000,0.0000,0.0000,0.0405,0.0001,200,16.2004
0.0532,0.0000,0.0000,0.0000,0.0531,0.0001,200,16.2411
0.0691,0.0000,0.0000,0.0000,0.0690,0.0001,200,16.2943
0.0769,0.0000,0.0000,0.0000,0.0767,0.0001,200,16.3634
0.0451,0.0000,0.0000,0.0000,0.0450,0.0001,200,16.4403
0.0718,0.0000,0.0000,0.0000,0.0717,0.0001,200,16.4854
0.0517,0.0000,0.0000,0.0000,0.0515,0.0001,200,16.5572
0.0696,0.0000,0.0000,0.0000,0.0694,0.0001,200,16.6090
0.0531,0.0000,0.0000,0.0000,0.0529,0.0002,200,16.6785
0.0398,0.0000,0.0000,0.0000,0.0396,0.0001,200,16.7317
0.0415,0.0000,0.0000,0.0000,0.0414,0.0001,200,16.7714
0.0533,0.0000,0.0000,0.0000,0.0532,0.0001,200,16.8130
0.0503,0.0000,0.0000,0.0000,0.0500,0.0001,200,16.8663
0.0508,0.0000,0.0000,0.0000,0.0506,0.0001,200,16.9165
0.0675,0.0000,0.0000,0.0000,0.0673,0.0001,200,16.9673
0.0405,0.0000,0.0000,0.0000,0.0403,0.0001,200,17.0348
0.0394,0.0000,0.0000,0.0000,0.0393,0.0001,200,17.0753
0.0567,0.0000,0.0000,0.0000,0.0566,0.0001,200,17.1147
0.0588,0.0000,0.0000,0.0000,0.0587,0.0001,200,17.1714
0.0695,0.0000,0.0000,0.0000,0.0693,0.0001,200,17.2303
0.0701,0.0000,0.0000,0.0000,0.0699,0.0001,200,17.2998
0.0588,0.0000,0.0000,0.0000,0.0587,0.0001,200,17.3699
0.0356,0.0000,0.0000,0.0000,0.0355,0.0001,200,17.4287
0.0303,0.0000,0.0000,0.0000,0.0301,0.0002,200,17.4644
0.0334,0.0000,0.0000,0.0000,0.0331,0.0002,200,17.4947
0.0451,0.0000,0.0000,0.0000,0.0449,0.0001,200,17.5281
0.0409,0.0000,0.0000,0.0000,0.0408,0.0001,200,17.5731
0.0612,0.0000,0.0000,0.0000,0.0609,0.0002,200,17.6141
0.0372,0.0000,0.0000,0.0001,0.0370,0.0001,200,17.6753
0.0687,0.0000,0.0000,0.0001,0.0685,0.0001,200,17.7125
0.0520,0.0000,0.0000,0.0000,0.0518,0.0002,200,17.7813
0.0356,0.0000,0.0000,0.0001,0.0353,0.0001,200,17.8332
0.0545,0.0000,0.0000,0.0000,0.0544,0.0001,200,17.8689
0.0296,0.0000,0.0000,0.0000,0.0294,0.0001,200,17.9234
0.0415,0.0000,0.0000,0.0001,0.0413,0.0001,200,17.9530
0.0699,0.0000,0.0000,0.0001,0.0697,0.0001,200,17.9945
0.0490,0.0000,0.0000,0.0000,0.0487,0.0002,200,18.0645
0.0594,0.0000,0.0000,0.0001,0.0591,0.0001,200,18.1134
0.0281,0.0000,0.0000,0.0000,0.0279,0.0002,200,18.1728
0.0582,0.0000,0.0000,0.0000,0.0580,0.0001,200,18.2010
0.0701,0.0000,0.0000,0.0000,0.0700,0.0001,200,18.2591
0.0611,0.0000,0.0000,0.0000,0.0609,0.0001,200,18.3293
0.0639,0.0000,0.0000,0.0000,0.0636,0.0002,200,18.3904
0.0635,0.0000,0.0000,0.0001,0.0632,0.0002,200,18.4543
0.0511,0.0000,0.0000,0.0000,0.0509,0.0001,200,18.5178
0.0550,0.0000,0.0000,0.0001,0.0548,0.0001,200,18.5689
0.0542,0.0000,0.0000,0.0000,0.0539,0.0001,200,18.6239
0.0360,0.0000,0.0000,0.0000,0.0358,0.0001,200,18.6781
0.0431,0.0000,0.0000,0.0000,0.0428,0.0001,200,18.7141
0.0511,0.0000,0.0000,0.0000,0.0509,0.0001,200,18.7573
0.0590,0.0000,0.0000,0.0000,0.0588,0.0001,200,18.8084
0.0401,0.0000,0.0000,0.0000,0.0399,0.0001,200,18.8673
0.0734,0.0000,0.0000,0.0000,0.0733,0.0001,200,18.9074
0.0503,0.0000,0.0000,0.0000,0.0501,0.0001,200,18.9808
0.0685,0.0000,0.0000,0.0001,0.0683,0.0001,200,19.0311
0.0388,0.0000,0.0000,0.0000,0.0386,0.0002,200,19.0996
0.0481,0.0000,0.0000,0.0001,0.0479,0.0001,200,19.1384
0.0536,0.0000,0.0000,0.0000,0.0533,0.0001,200,19.1865
0.0436,0.0000,0.0000,0.0001,0.0433,0.0001,200,19.2401
0.0684,0.0000,0.0000,0.0000,0.0682,0.0001,200,19.2836
0.0614,0.0000,0.0000,0.0000,0.0613,0.0001,200,19.3521
0.0640,0.0000,0.0000,0.0001,0.0639,0.0001,200,19.4135
0.0500,0.0000,0.0000,0.0000,0.0498,0.0001,200,19.4775
0.0504,0.0000,0.0000,0.0000,0.0502,0.0001,200,19.5275
0.0622,0.0000,0.0000,0.0000,0.0620,0.0002,200,19.5779
0.0303,0.0000,0.0000,0.0000,0.0302,0.0001,200,19.6401
0.0735,0.0000,0.0000,0.0000,0.0733,0.0001,200,19.6704
0.0708,0.0000,0.0000,0.0001,0.0705,0.0001,200,19.7439
0.0796,0.0000,0.0000,0.0001,0.0794,0.0001,200,19.8147
0.0468,0.0000,0.0000,0.0000,0.0466,0.0001,200,19.8943
0.0570,0.0000,0.0000,0.0000,0.0568,0.0001,200,19.9411
0.0478,0.0000,0.0000,0.0000,0.0476,0.0001,200,19.9981
0.0543,0.0000,0.0000,0.0000,0.0541,0.0001,200,20.0460
0.0598,0.0000,0.0000,0.0001,0.0595,0.0002,200,20.1002
0.0609,0.0000,0.0000,0.0000,0.0607,0.0001,200,20.1601
0.0483,0.0000,0.0000,0.0000,0.0481,0.0001,200,20.2210
0.0474,0.0000,0.0000,0.0000,0.0472,0.0001,200,20.2693
0.0727,0.0000,0.0000,0.0000,0.0724,0.0001,200,20.3167
0.0392,0.0000,0.0000,0.0000,0.0390,0.0001,200,20.3894
0.0802,0.0000,0.0000,0.0000,0.0801,0.0001,200,20.4285
0.0446,0.0000,0.0000,0.0000,0.0444,0.0001,200,20.5088
0.0519,0.0000,0.0000,0.0000,0.0517,0.0002,200,20.5533
0.0779,0.0000,0.0000,0.0000,0.0777,0.0001,200,20.6052
0.0632,0.0000,0.0000,0.0000,0.0629,0.0001,200,20.6832
0.0577,0.0000,0.0000,0.0000,0.0576,0.0001,200,20.7464
0.0669,0.0000,0.0000,0.0000,0.0667,0.0001,200,20.8041
0.0351,0.0000,0.0000,0.0000,0.0350,0.0001,200,20.8710
0.0441,0.0000,0.0000,0.0001,0.0439,0.0001,200,20.9061
0.0519,0.0000,0.0000,0.0000,0.0517,0.0001,200,20.9502
0.0650,0.0000,0.0000,0.0000,0.0648,0.0001,200,21.0021
0.0567,0.0000,0.0000,0.0001,0.0564,0.0002,200,21.0671
0.0642,0.0000,0.0000,0.0000,0.0639,0.0002,200,21.1238
0.0382,0.0000,0.0000,0.0000,0.0380,0.0001,200,21.1880
0.0589,0.0000,0.0000,0.0000,0.0588,0.0001,200,21.2262
0.0538,0.0000,0.0000,0.0000,0.0537,0.0001,200,21.2851
0.0542,0.0000,0.0000,0.0000,0.0541,0.0001,200,21.3390
0.0567,0.0000,0.0000,0.0000,0.0565,0.0001,200,21.3932
0.0528,0.0000,0.0000,0.0000,0.0527,0.0001,200,21.4498
0.0405,0.0000,0.0000,0.0000,0.0403,0.0001,200,21.5026
0.0721,0.0000,0.0000,0.0000,0.0719,0.0001,200,21.5431
0.0454,0.0000,0.0000,0.0000,0.0453,0.0001,200,21.6153
0.0764,0.0000,0.0000,0.0000,0.0763,0.0001,200,21.6607
0.0617,0.0000,0.0000,0.0000,0.0615,0.0001,200,21.7371
0.0670,0.0000,0.0000,0.0000,0.0668,0.0001,200,21.7988
0.0304,0.0000,0.0000,0.0001,0.0302,0.0001,200,21.8658
0.0591,0.0000,0.0000,0.0000,0.0590,0.0001,200,21.8962
0.0522,0.0000,0.0000,0.0000,0.0520,0.0001,200,21.9553
0.0472,0.0000,0.0000,0.0001,0.0469,0.0001,200,22.0075
0.0547,0.0000,0.0000,0.0000,0.0545,0.0001,200,22.0547
0.0440,0.0000,0.0000,0.0000,0.0438,0.0001,200,22.1094
0.0518,0.0000,0.0000,0.0000,0.0516,0.0001,200,22.1534
0.0617,0.0000,0.0000,0.0000,0.0615,0.0001,200,22.2051
0.0533,0.0000,0.0000,0.0000,0.0532,0.0001,200,22.2668
0.0460,0.0000,0.0000,0.0001,0.0458,0.0001,200,22.3201
0.0642,0.0000,0.0000,0.0000,0.0640,0.0001,200,22.3661
0.0617,0.0000,0.0000,0.0000,0.0614,0.0002,200,22.4303
0.0586,0.0000,0.0000,0.0000,0.0585,0.0001,200,22.4920
0.0420,0.0000,0.0000,0.0000,0.0419,0.0001,200,22.5506
0.0770,0.0000,0.0000,0.0000,0.0768,0.0001,200,22.5927
0.0502,0.0000,0.0000,0.0000,0.0500,0.0001,200,22.6697
0.0518,0.0000,0.0000,0.0000,0.0516,0.0001,200,22.7199
0.0549,0.0000,0.0000,0.0000,0.0547,0.0001,200,22.7718
0.0372,0.0000,0.0000,0.0000,0.0370,0.0001,200,22.8267
0.0582,0.0000,0.0000,0.0000,0.0579,0.0001,200,22.8639
0.0721,0.0000,0.0000,0.0001,0.0719,0.0001,200,22.9221
0.0374,0.0000,0.0000,0.0000,0.0372,0.0001,200,22.9942
0.0529,0.0000,0.0000,0.0000,0.0527,0.0001,200,23.0316
0.0578,0.0000,0.0000,0.0001,0.0575,0.0001,200,23.0845
0.0532,0.0000,0.0000,0.0000,0.0530,0.0001,200,23.1422
0.0723,0.0000,0.0000,0.0000,0.0721,0.0001,200,23.1954
0.0506,0.0000,0.0000,0.0000,0.0504,0.0001,200,23.2677
0.0549,0.0000,0.0000,0.0000,0.0547,0.0001,200,23.3183
0.0689,0.0000,0.0000,0.0000,0.0688,0.0001,200,23.3732
0.0595,0.0000,0.0000,0.0000,0.0594,0.0001,200,23.4421
0.0607,0.0000,0.0000,0.0000,0.0605,0.0001,200,23.5016
0.0696,0.0000,0.0000,0.0000,0.0694,0.0001,200,23.5623
0.0355,0.0000,0.0000,0.0000,0.0353,0.0001,200,23.6319
0.0527,0.0000,0.0000,0.0000,0.0525,0.0002,200,23.6673
0.0578,0.0000,0.0000,0.0000,0.0576,0.0001,200,23.7201
0.0533,0.0000,0.0000,0.0000,0.0530,0.0002,200,23.7778
0.0325,0.0000,0.0000,0.0001,0.0322,0.0002,200,23.8311
0.0632,0.0000,0.0000,0.0000,0.0630,0.0001,200,23.8636
0.0311,0.0000,0.0000,0.0000,0.0310,0.0001,200,23.9269
0.0495,0.0000,0.0000,0.0000,0.0494,0.0001,200,23.9580
0.0609,0.0000,0.0000,0.0001,0.0607,0.0001,200,24.0075
0.0472,0.0000,0.0000,0.0000,0.0470,0.0001,200,24.0684
0.0554,0.0000,0.0000,0.0000,0.0552,0.0001,200,24.1156
0.0496,0.0000,0.0000,0.0000,0.0495,0.0001,200,24.1710
0.0527,0.0000,0.0000,0.0000,0.0525,0.0001,200,24.2206
0.0688,0.0000,0.0000,0.0000,0.0686,0.0001,200,24.2733
0.0591,0.0000,0.0000,0.0000,0.0590,0.0001,200,24.3421
0.0557,0.0000,0.0000,0.0000,0.0555,0.0001,200,24.4013
0.0733,0.0000,0.0000,0.0000,0.0731,0.0001,200,24.4569
0.0740,0.0000,0.0000,0.0000,0.0738,0.0001,200,24.5302
0.0706,0.0000,0.0000,0.0001,0.0704,0.0001,200,24.6042
0.0681,0.0000,0.0000,0.0000,0.0679,0.0001,200,24.6748
0.0529,0.0000,0.0000,0.0001,0.0527,0.0001,200,24.7430
0.0547,0.0000,0.0000,0.0000,0.0546,0.0001,200,24.7958
0.0695,0.0000,0.0000,0.0000,0.0694,0.0001,200,24.8506
0.0476,0.0000,0.0000,0.0000,0.0474,0.0001,200,24.9201
0.0701,0.0000,0.0000,0.0000,0.0699,0.0001,200,24.9677
0.0567,0.0000,0.0000,0.0000,0.0565,0.0001,200,25.0378
0.0685,0.0000,0.0000,0.0000,0.0683,0.0001,200,25.0945
0.0535,0.0000,0.0000,0.0000,0.0533,0.0001,200,25.1630
0.0612,0.0000,0.0000,0.0000,0.0610,0.0001,200,25.2165
0.0409,0.0000,0.0000,0.0000,0.0408,0.0001,200,25.2777
0.0556,0.0000,0.0000,0.0000,0.0554,0.0001,200,25.3186
0.0555,0.0000,0.0000,0.0000,0.0554,0.0001,200,25.3741
0.0447,0.0000,0.0000,0.0000,0.0446,0.0001,200,25.4296
0.0375,0.0000,0.0000,0.0000,0.0373,0.0001,200,25.4744
0.0390,0.0000,0.0000,0.0000,0.0389,0.0001,200,25.5118
0.0450,0.0000,0.0000,0.0000,0.0449,0.0001,200,25.5508
0.0615,0.0000,0.0000,0.0000,0.0613,0.0001,200,25.5959
0.0740,0.0000,0.0000,0.0000,0.0738,0.0001,200,25.6574
0.0676,0.0000,0.0000,0.0000,0.0673,0.0001,200,25.7314
0.0780,0.0000,0.0000,0.0001,0.0778,0.0001,200,25.7990
0.0282,0.0000,0.0000,0.0000,0.0280,0.0001,200,25.8770
0.0634,0.0000,0.0000,0.0000,0.0633,0.0001,200,25.9053
0.0654,0.0000,0.0000,0.0000,0.0652,0.0001,200,25.9687
0.0308,0.0000,0.0000,0.0000,0.0306,0.0001,200,26.0341
0.0579,0.0000,0.0000,0.0000,0.0577,0.0001,200,26.0649
0.0367,0.0000,0.0000,0.0000,0.0365,0.0002,200,26.1228
0.0581,0.0000,0.0000,0.0000,0.0579,0.0001,200,26.1595
0.0578,0.0000,0.0000,0.0000,0.0575,0.0001,200,26.2176
0.0603,0.0000,0.0000,0.0000,0.0601,0.0001,200,26.2754
0.0432,0.0000,0.0000,0.0000,0.0431,0.0001,200,26.3358
0.0586,0.0000,0.0000,0.0000,0.0584,0.0001,200,26.3790
0.0711,0.0000,0.0000,0.0000,0.0709,0.0001,200,26.4376
0.0356,0.0000,0.0000,0.0000,0.0354,0.0001,200,26.5087
0.0545,0.0000,0.0000,0.0000,0.0543,0.0001,200,26.5443
0.0444,0.0000,0.0000,0.0000,0.0442,0.0001,200,26.5988
0.0305,0.0000,0.0000,0.0000,0.0303,0.0002,200,26.6431
0.0492,0.0000,0.0000,0.0000,0.0491,0.0001,200,26.6736
0.0689,0.0000,0.0000,0.0000,0.0687,0.0001,200,26.7229
0.0700,0.0000,0.0000,0.0000,0.0698,0.0001,200,26.7918
0.0765,0.0000,0.0000,0.0001,0.0764,0.0001,200,26.8618
0.0574,0.0000,0.0000,0.0000,0.0572,0.0001,200,26.9384
0.0563,0.0000,0.0000,0.0000,0.0560,0.0001,200,26.9958
0.0622,0.0000,0.0000,0.0000,0.0621,0.0001,200,27.0521
0.0421,0.0000,0.0000,0.0000,0.0420,0.0001,200,27.1143
0.0492,0.0000,0.0000,0.0000,0.0490,0.0001,200,27.1564
0.0477,0.0000,0.0000,0.0000,0.0475,0.0001,200,27.2055
0.0486,0.0000,0.0000,0.0000,0.0484,0.0001,200,27.2533
0.0606,0.0000,0.0000,0.0000,0.0604,0.0001,200,27.3018
0.0595,0.0000,0.0000,0.0000,0.0593,0.0001,200,27.3624
0.0391,0.0000,0.0000,0.0000,0.0389,0.0001,200,27.4220
0.0412,0.0000,0.0000,0.0000,0.0410,0.0001,200,27.4610
0.0321,0.0000,0.0000,0.0000,0.0320,0.0001,200,27.5022
0.0352,0.0000,0.0000,0.0000,0.0351,0.0001,200,27.5343
0.0378,0.0000,0.0000,0.0000,0.0376,0.0001,200,27.5696
0.0381,0.0000,0.0000,0.0001,0.0378,0.0001,200,27.6073
0.0489,0.0000,0.0000,0.0001,0.0487,0.0001,200,27.6454
0.0323,0.0000,0.0000,0.0000,0.0321,0.0001,200,27.6943
0.0615,0.0000,0.0000,0.0000,0.0614,0.0001,200,27.7266
0.0459,0.0000,0.0000,0.0000,0.0457,0.0001,200,27.7881
0.0371,0.0000,0.0000,0.0000,0.0370,0.0001,200,27.8340
0.0653,0.0000,0.0000,0.0001,0.0651,0.0001,200,27.8711
0.0478,0.0000,0.0000,0.0000,0.0477,0.0001,200,27.9365
0.0454,0.0000,0.0000,0.0001,0.0452,0.0001,200,27.9843
0.0384,0.0000,0.0000,0.0000,0.0383,0.0001,200,28.0297
0.0477,0.0000,0.0000,0.0001,0.0475,0.0001,200,28.0681
0.0618,0.0000,0.0000,0.0001,0.0615,0.0001,200,28.1158
0.0706,0.0000,0.0000,0.0000,0.0704,0.0001,200,28.1776
0.0623,0.0000,0.0000,0.0000,0.0621,0.0001,200,28.2482
0.0706,0.0000,0.0000,0.0001,0.0703,0.0001,200,28.3106
0.0565,0.0000,0.0000,0.0000,0.0563,0.0001,200,28.3812
0.0455,0.0000,0.0000,0.0001,0.0452,0.0001,200,28.4377
0.0633,0.0000,0.0000,0.0000,0.0631,0.0001,200,28.4831
0.0474,0.0000,0.0000,0.0000,0.0472,0.0001,200,28.5464
0.0666,0.0000,0.0000,0.0000,0.0664,0.0001,200,28.5939
0.0667,0.0000,0.0000,0.0000,0.0664,0.0001,200,28.6605
0.0601,0.0000,0.0000,0.0000,0.0599,0.0001,200,28.7271
0.0622,0.0000,0.0000,0.0000,0.0620,0.0001,200,28.7872
0.0456,0.0000,0.0000,0.0000,0.0454,0.0001,200,28.8494
0.0666,0.0000,0.0000,0.0000,0.0664,0.0001,200,28.8950
0.0482,0.0000,0.0000,0.0000,0.0480,0.0001,200,28.9616
0.0484,0.0000,0.0000,0.0000,0.0482,0.0001,200,29.0098
0.0509,0.0000,0.0000,0.0000,0.0507,0.0001,200,29.0582
0.0608,0.0000,0.0000,0.0000,0.0606,0.0001,200,29.1090
0.0765,0.0000,0.0000,0.0000,0.0763,0.0001,200,29.1698
0.0661,0.0000,0.0000,0.0000,0.0659,0.0001,200,29.2464
0.0639,0.0000,0.0000,0.0000,0.0637,0.0001,200,29.3124
0.0406,0.0000,0.0000,0.0000,0.0404,0.0001,200,29.3763
0.0638,0.0000,0.0000,0.0000,0.0636,0.0001,200,29.4169
0.0581,0.0000,0.0000,0.0000,0.0579,0.0001,200,29.4807
0.0545,0.0000,0.0000,0.0000,0.0543,0.0001,200,29.5388
0.0496,0.0000,0.0000,0.0000,0.0494,0.0001,200,29.5933
0.0762,0.0000,0.0000,0.0000,0.0761,0.0001,200,29.6429
0.0397,0.0000,0.0000,0.0000,0.0395,0.0001,200,29.7192
0.0755,0.0000,0.0000,0.0000,0.0753,0.0001,200,29.7588
0.0438,0.0000,0.0000,0.0000,0.0436,0.0001,200,29.8343
0.0392,0.0000,0.0000,0.0000,0.0390,0.0001,200,29.8781
0.0470,0.0000,0.0000,0.0000,0.0468,0.0001,200,29.9172
0.0466,0.0000,0.0000,0.0000,0.0464,0.0001,200,29.9642
0.0507,0.0000,0.0000,0.0000,0.0505,0.0001,200,30.0108
0.0718,0.0000,0.0000,0.0000,0.0716,0.0001,200,30.0615
0.0491,0.0000,0.0000,0.0000,0.0488,0.0002,200,30.1333
0.0739,0.0000,0.0000,0.0000,0.0737,0.0001,200,30.1825
0.0437,0.0000,0.0000,0.0000,0.0435,0.0002,200,30.2564
0.0509,0.0000,0.0000,0.0000,0.0508,0.0001,200,30.3001
0.0401,0.0000,0.0000,0.0000,0.0400,0.0001,200,30.3510
0.0486,0.0000,0.0000,0.0000,0.0484,0.0001,200,30.3911
0.0523,0.0000,0.0000,0.0000,0.0520,0.0002,200,30.4397
0.0510,0.0000,0.0000,0.0001,0.0507,0.0001,200,30.4921
0.0417,0.0000,0.0000,0.0000,0.0415,0.0001,200,30.5431
0.0515,0.0000,0.0000,0.0000,0.0514,0.0001,200,30.5848
0.0467,0.0000,0.0000,0.0000,0.0466,0.0001,200,30.6363
0.0506,0.0000,0.0000,0.0000,0.0505,0.0001,200,30.6830
0.0636,0.0000,0.0000,0.0000,0.0635,0.0001,200,30.7336
0.0625,0.0000,0.0000,0.0000,0.0624,0.0001,200,30.7972
0.0490,0.0000,0.0000,0.0000,0.0489,0.0001,200,30.8598
0.0720,0.0000,0.0000,0.0000,0.0718,0.0001,200,30.9088
0.0582,0.0000,0.0000,0.0000,0.0580,0.0001,200,30.9807
0.0457,0.0000,0.0000,0.0000,0.0456,0.0001,200,31.0389
0.0550,0.0000,0.0000,0.0000,0.0548,0.0001,200,31.0846
0.0507,0.0000,0.0000,0.0000,0.0505,0.0001,200,31.1397
0.0499,0.0000,0.0000,0.0000,0.0497,0.0001,200,31.1904
0.0578,0.0000,0.0000,0.0000,0.0576,0.0001,200,31.2402
0.0448,0.0000,0.0000,0.0000,0.0445,0.0002,200,31.2980
0.0515,0.0000,0.0000,0.0000,0.0513,0.0001,200,31.3428
0.0548,0.0000,0.0000,0.0000,0.0545,0.0002,200,31.3943
0.0367,0.0000,0.0000,0.0000,0.0365,0.0001,200,31.4491
0.0691,0.0000,0.0000,0.0000,0.0689,0.0001,200,31.4858
0.0534,0.0000,0.0000,0.0000,0.0532,0.0001,200,31.5549
0.0507,0.0000,0.0000,0.0000,0.0505,0.0001,200,31.6083
0.0559,0.0000,0.0000,0.0000,0.0557,0.0001,200,31.6589
0.0469,0.0000,0.0000,0.0000,0.0467,0.0001,200,31.7148
0.0561,0.0000,0.0000,0.0000,0.0559,0.0001,200,31.7617
0.0371,0.0000,0.0000,0.0001,0.0369,0.0001,200,31.8178
0.0617,0.0000,0.0000,0.0001,0.0614,0.0001,200,31.8549
0.0563,0.0000,0.0000,0.0000,0.0561,0.0001,200,31.9165
0.0518,0.0000,0.0000,0.0000,0.0517,0.0001,200,31.9728
0.0509,0.0000,0.0000,0.0000,0.0507,0.0001,200,32.0246
0.0737,0.0000,0.0000,0.0000,0.0735,0.0001,200,32.0755
0.0527,0.0000,0.0000,0.0000,0.0525,0.0001,200,32.1493
0.0548,0.0000,0.0000,0.0000,0.0546,0.0001,200,32.2020
0.0511,0.0000,0.0000,0.0000,0.0509,0.0001,200,32.2568
0.0441,0.0000,0.0000,0.0000,0.0439,0.0001,200,32.3079
0.0335,0.0000,0.0000,0.0001,0.0333,0.0001,200,32.3520
0.0378,0.0000,0.0000,0.0000,0.0376,0.0001,200,32.3855
0.0671,0.0000,0.0000,0.0000,0.0669,0.0002,200,32.4233
0.0602,0.0000,0.0000,0.0000,0.0600,0.0001,200,32.4904
0.0703,0.0000,0.0000,0.0000,0.0701,0.0001,200,32.5506
0.0491,0.0000,0.0000,0.0000,0.0490,0.0001,200,32.6209
0.0686,0.0000,0.0000,0.0000,0.0684,0.0001,200,32.6700
0.0562,0.0000,0.0000,0.0001,0.0560,0.0001,200,32.7386
0.0515,0.0000,0.0000,0.0000,0.0514,0.0001,200,32.7948
0.0577,0.0000,0.0000,0.0000,0.0576,0.0001,200,32.8463
0.0628,0.0000,0.0000,0.0001,0.0627,0.0001,200,32.9041
0.0554,0.0000,0.0000,0.0000,0.0552,0.0001,200,32.9669
0.0630,0.0000,0.0000,0.0000,0.0627,0.0002,200,33.0223
0.0517,0.0000,0.0000,0.0000,0.0515,0.0001,200,33.0853
0.0489,0.0000,0.0000,0.0000,0.0487,0.0001,200,33.1370
0.0482,0.0000,0.0000,0.0001,0.0479,0.0001,200,33.1859
0.0677,0.0000,0.0000,0.0000,0.0675,0.0001,200,33.2341
0.0453,0.0000,0.0000,0.0000,0.0451,0.0001,200,33.3019
0.0375,0.0000,0.0000,0.0001,0.0372,0.0001,200,33.3472
0.0505,0.0000,0.0000,0.0000,0.0503,0.0001,200,33.3847
0.0546,0.0000,0.0000,0.0000,0.0543,0.0001,200,33.4352
0.0692,0.0000,0.0000,0.0000,0.0691,0.0001,200,33.4897
0.0527,0.0000,0.0000,0.0000,0.0525,0.0001,200,33.5590
0.0575,0.0000,0.0000,0.0000,0.0573,0.0001,200,33.6117
0.0508,0.0000,0.0000,0.0000,0.0506,0.0002,200,33.6692
0.0582,0.0000,0.0000,0.0000,0.0580,0.0001,200,33.7200
0.0536,0.0000,0.0000,0.0000,0.0535,0.0001,200,33.7782
0.0462,0.0000,0.0000,0.0000,0.0460,0.0001,200,33.8318
0.0506,0.0000,0.0000,0.0000,0.0505,0.0001,200,33.8780
0.0599,0.0000,0.0000,0.0000,0.0597,0.0001,200,33.9286
0.0597,0.0000,0.0000,0.0000,0.0596,0.0001,200,33.9885
0.0528,0.0000,0.0000,0.0000,0.0527,0.0001,200,34.0483
0.0441,0.0000,0.0000,0.0001,0.0439,0.0001,200,34.1011
0.0462,0.0000,0.0000,0.0000,0.0460,0.0001,200,34.1452
0.0658,0.0000,0.0000,0.0000,0.0657,0.0001,200,34.1914
0.0299,0.0000,0.0000,0.0000,0.0298,0.0001,200,34.2572
0.0786,0.0000,0.0000,0.0000,0.0784,0.0001,200,34.2871
0.0511,0.0000,0.0000,0.0000,0.0509,0.0001,200,34.3657
0.0505,0.0000,0.0000,0.0000,0.0503,0.0001,200,34.4168
0.0706,0.0000,0.0000,0.0000,0.0704,0.0001,200,34.4673
0.0477,0.0000,0.0000,0.0000,0.0475,0.0001,200,34.5379
0.0478,0.0000,0.0000,0.0000,0.0476,0.0001,200,34.5856
0.0684,0.0000,0.0000,0.0000,0.0683,0.0001,200,34.6334
0.0643,0.0000,0.0000,0.0000,0.0641,0.0001,200,34.7018
0.0587,0.0000,0.0000,0.0001,0.0584,0.0001,200,34.7661
0.0349,0.0000,0.0000,0.0001,0.0346,0.0002,200,34.8248
0.0304,0.0000,0.0000,0.0000,0.0302,0.0001,200,34.8597
0.0442,0.0000,0.0000,0.0000,0.0439,0.0002,200,34.8901
0.0355,0.0000,0.0000,0.0001,0.0352,0.0001,200,34.9343
0.0585,0.0000,0.0000,0.0000,0.0583,0.0001,200,34.9698
0.0689,0.0000,0.0000,0.0001,0.0687,0.0001,200,35.0283
0.0718,0.0000,0.0000,0.0000,0.0716,0.0001,200,35.0972
0.0670,0.0000,0.0000,0.0001,0.0667,0.0002,200,35.1690
0.0552,0.0000,0.0000,0.0001,0.0549,0.0001,200,35.2360
0.0507,0.0000,0.0000,0.0000,0.0505,0.0001,200,35.2912
0.0319,0.0000,0.0000,0.0001,0.0316,0.0001,200,35.3420
0.0600,0.0000,0.0000,0.0000,0.0598,0.0001,200,35.3738
0.0700,0.0000,0.0000,0.0000,0.0697,0.0001,200,35.4338
0.0723,0.0000,0.0000,0.0000,0.0721,0.0001,200,35.5038
0.0449,0.0000,0.0000,0.0000,0.0446,0.0001,200,35.5761
0.0508,0.0000,0.0000,0.0001,0.0505,0.0001,200,35.6210
0.0381,0.0000,0.0000,0.0000,0.0379,0.0001,200,35.6718
0.0334,0.0000,0.0000,0.0000,0.0333,0.0001,200,35.7098
0.0448,0.0000,0.0000,0.0000,0.0446,0.0001,200,35.7433
0.0494,0.0000,0.0000,0.0000,0.0492,0.0001,200,35.7881
0.0435,0.0000,0.0000,0.0000,0.0433,0.0001,200,35.8375
0.0738,0.0000,0.0000,0.0000,0.0736,0.0001,200,35.8810
0.0699,0.0000,0.0000,0.0001,0.0696,0.0001,200,35.9548
0.0303,0.0000,0.0000,0.0000,0.0301,0.0001,200,36.0247
0.0519,0.0000,0.0000,0.0000,0.0518,0.0001,200,36.0550
0.0420,0.0000,0.0000,0.0000,0.0418,0.0001,200,36.1069
0.0625,0.0000,0.0000,0.0000,0.0624,0.0001,200,36.1489
0.0620,0.0000,0.0000,0.0000,0.0618,0.0001,200,36.2115
0.0616,0.0000,0.0000,0.0000,0.0615,0.0001,200,36.2734
0.0690,0.0000,0.0000,0.0000,0.0688,0.0002,200,36.3351
0.0503,0.0000,0.0000,0.0000,0.0501,0.0001,200,36.4041
0.0699,0.0000,0.0000,0.0000,0.0697,0.0001,200,36.4544
0.0590,0.0000,0.0000,0.0001,0.0588,0.0001,200,36.5243
0.0434,0.0000,0.0000,0.0000,0.0433,0.0001,200,36.5833
0.0385,0.0000,0.0000,0.0000,0.0383,0.0001,200,36.6267
0.0743,0.0000,0.0000,0.0000,0.0742,0.0001,200,36.6652
0.0402,0.0000,0.0000,0.0000,0.0400,0.0001,200,36.7395
0.0501,0.0000,0.0000,0.0000,0.0499,0.0002,200,36.7797
0.0512,0.0000,0.0000,0.0000,0.0510,0.0001,200,36.8298
0.0718,0.0000,0.0000,0.0000,0.0717,0.0001,200,36.8810
0.0652,0.0000,0.0000,0.0000,0.0650,0.0001,200,36.9529
0.0402,0.0000,0.0000,0.0000,0.0401,0.0001,200,37.0180
0.0639,0.0000,0.0000,0.0000,0.0637,0.0002,200,37.0582
0.0753,0.0000,0.0000,0.0000,0.0751,0.0001,200,37.1222
0.0571,0.0000,0.0000,0.0000,0.0569,0.0001,200,37.1975
0.0359,0.0000,0.0000,0.0000,0.0357,0.0001,200,37.2546
0.0553,0.0000,0.0000,0.0001,0.0551,0.0001,200,37.2905
0.0610,0.0000,0.0000,0.0000,0.0608,0.0001,200,37.3459
0.0643,0.0000,0.0000,0.0000,0.0641,0.0002,200,37.4068
0.0518,0.0000,0.0000,0.0000,0.0516,0.0001,200,37.4712
0.0522,0.0000,0.0000,0.0000,0.0520,0.0001,200,37.5229
0.0645,0.0000,0.0000,0.0000,0.0643,0.0002,200,37.5751
0.0484,0.0000,0.0000,0.0000,0.0482,0.0002,200,37.6396
0.0733,0.0000,0.0000,0.0001,0.0731,0.0001,200,37.6880
0.0439,0.0000,0.0000,0.0000,0.0438,0.0001,200,37.7614
0.0531,0.0000,0.0000,0.0000,0.0529,0.0001,200,37.8053
0.0545,0.0000,0.0000,0.0000,0.0543,0.0001,200,37.8584
0.0502,0.0000,0.0000,0.0000,0.0501,0.0001,200,37.9129
0.0542,0.0000,0.0000,0.0000,0.0540,0.0001,200,37.9632
0.0388,0.0000,0.0000,0.0000,0.0386,0.0001,200,38.0174
0.0666,0.0000,0.0000,0.0000,0.0665,0.0001,200,38.0561
0.0548,0.0000,0.0000,0.0001,0.0546,0.0001,200,38.1227
0.0734,0.0000,0.0000,0.0000,0.0732,0.0001,200,38.1775
0.0602,0.0000,0.0000,0.0001,0.0599,0.0002,200,38.2510
0.0565,0.0000,0.0000,0.0001,0.0563,0.0001,200,38.3112
0.0605,0.0000,0.0000,0.0000,0.0603,0.0001,200,38.3677
0.0549,0.0000,0.0000,0.0001,0.0547,0.0001,200,38.4282
0.0646,0.0000,0.0000,0.0000,0.0643,0.0001,200,38.4831
0.0727,0.0000,0.0000,0.0000,0.0725,0.0001,200,38.5477
0.0581,0.0000,0.0000,0.0001,0.0578,0.0001,200,38.6204
0.0450,0.0000,0.0000,0.0000,0.0448,0.0001,200,38.6785
0.0705,0.0000,0.0000,0.0000,0.0703,0.0001,200,38.7234
0.0525,0.0000,0.0000,0.0000,0.0524,0.0001,200,38.7939
0.0607,0.0000,0.0000,0.0000,0.0606,0.0001,200,38.8465
0.0402,0.0000,0.0000,0.0000,0.0400,0.0001,200,38.9072
0.0599,0.0000,0.0000,0.0000,0.0597,0.0001,200,38.9474
0.0546,0.0000,0.0000,0.0000,0.0544,0.0001,200,39.0073
0.0563,0.0000,0.0000,0.0000,0.0562,0.0001,200,39.0619
0.0729,0.0000,0.0000,0.0000,0.0727,0.0001,200,39.1182
0.0710,0.0000,0.0000,0.0000,0.0708,0.0001,200,39.1911
0.0485,0.0000,0.0000,0.0000,0.0484,0.0001,200,39.2621
0.0515,0.0000,0.0000,0.0000,0.0514,0.0001,200,39.3106
0.0541,0.0000,0.0000,0.0000,0.0539,0.0001,200,39.3621
0.0525,0.0000,0.0000,0.0000,0.0524,0.0001,200,39.4162
0.0463,0.0000,0.0000,0.0000,0.0461,0.0001,200,39.4687
0.0563,0.0000,0.0000,0.0001,0.0560,0.0001,200,39.5151
0.0624,0.0000,0.0000,0.0000,0.0621,0.0001,200,39.5713
0.0474,0.0000,0.0000,0.0000,0.0472,0.0001,200,39.6337
0.0732,0.0000,0.0000,0.0000,0.0730,0.0001,200,39.6811
0.0376,0.0000,0.0000,0.0000,0.0374,0.0001,200,39.7543
0.0606,0.0000,0.0000,0.0001,0.0603,0.0001,200,39.7919
0.0328,0.0000,0.0000,0.0000,0.0326,0.0001,200,39.8524
0.0686,0.0000,0.0000,0.0000,0.0684,0.0001,200,39.8853
0.0591,0.0000,0.0000,0.0000,0.0588,0.0001,200,39.9539
0.0546,0.0000,0.0000,0.0001,0.0543,0.0001,200,40.0130
0.0435,0.0000,0.0000,0.0001,0.0432,0.0001,200,40.0676
0.0608,0.0000,0.0000,0.0000,0.0607,0.0001,200,40.1111
0.0525,0.0000,0.0000,0.0000,0.0522,0.0001,200,40.1719
0.0584,0.0000,0.0000,0.0000,0.0581,0.0001,200,40.2244
0.0445,0.0000,0.0000,0.0001,0.0443,0.0001,200,40.2827
0.0606,0.0000,0.0000,0.0001,0.0604,0.0001,200,40.3273
0.0337,0.0000,0.0000,0.0000,0.0334,0.0002,200,40.3879
0.0415,0.0000,0.0000,0.0000,0.0413,0.0002,200,40.4216
0.0393,0.0000,0.0000,0.0000,0.0391,0.0001,200,40.4631
0.0537,0.0000,0.0000,0.0000,0.0533,0.0002,200,40.5024
0.0495,0.0000,0.0000,0.0000,0.0493,0.0001,200,40.5561
0.0467,0.0000,0.0000,0.0001,0.0465,0.0001,200,40.6056
0.0561,0.0000,0.0000,0.0000,0.0558,0.0002,200,40.6522
0.0676,0.0000,0.0000,0.0001,0.0673,0.0001,200,40.7083
0.0628,0.0000,0.0000,0.0001,0.0626,0.0001,200,40.7759
0.0505,0.0000,0.0000,0.0000,0.0502,0.0002,200,40.8387
0.0476,0.0000,0.0000,0.0000,0.0474,0.0001,200,40.8892
0.0419,0.0000,0.0000,0.0001,0.0417,0.0001,200,40.9368
0.0584,0.0000,0.0000,0.0000,0.0583,0.0001,200,40.9788
0.0295,0.0000,0.0000,0.0000,0.0293,0.0001,200,41.0372
0.0608,0.0000,0.0000,0.0001,0.0606,0.0001,200,41.0666
0.0489,0.0000,0.0000,0.0001,0.0486,0.0001,200,41.1274
0.0689,0.0000,0.0000,0.0000,0.0687,0.0001,200,41.1763
0.0416,0.0000,0.0000,0.0000,0.0414,0.0001,200,41.2452
0.0664,0.0000,0.0000,0.0000,0.0662,0.0001,200,41.2868
0.0572,0.0000,0.0000,0.0000,0.0570,0.0001,200,41.3533
0.0506,0.0000,0.0000,0.0000,0.0504,0.0001,200,41.4104
0.0550,0.0000,0.0000,0.0000,0.0547,0.0001,200,41.4610
0.0723,0.0000,0.0000,0.0000,0.0721,0.0001,200,41.5161
0.0482,0.0000,0.0000,0.0000,0.0480,0.0001,200,41.5884
0.0545,0.0000,0.0000,0.0000,0.0543,0.0001,200,41.6366
0.0617,0.0000,0.0000,0.0000,0.0616,0.0001,200,41.6911
0.0361,0.0000,0.0000,0.0000,0.0359,0.0001,200,41.7528
0.0700,0.0000,0.0000,0.0000,0.0698,0.0001,200,41.7889
0.0496,0.0000,0.0000,0.0000,0.0493,0.0001,200,41.8589
0.0524,0.0000,0.0000,0.0001,0.0522,0.0001,200,41.9085
0.0528,0.0000,0.0000,0.0001,0.0526,0.0001,200,41.9609
0.0426,0.0000,0.0000,0.0000,0.0424,0.0001,200,42.0137
0.0403,0.0000,0.0000,0.0001,0.0400,0.0001,200,42.0563
0.0562,0.0000,0.0000,0.0000,0.0560,0.0001,200,42.0966
0.0454,0.0000,0.0000,0.0000,0.0452,0.0001,200,42.1528
0.0466,0.0000,0.0000,0.0000,0.0464,0.0001,200,42.1982
0.0367,0.0000,0.0000,0.0000,0.0365,0.0001,200,42.2448
0.0672,0.0000,0.0000,0.0000,0.0669,0.0001,200,42.2815
0.0483,0.0000,0.0000,0.0000,0.0482,0.0001,200,42.3486
0.0382,0.0000,0.0000,0.0000,0.0381,0.0001,200,42.3970
0.0568,0.0000,0.0000,0.0000,0.0566,0.0001,200,42.4352
0.0575,0.0000,0.0000,0.0000,0.0573,0.0001,200,42.4920
0.0446,0.0000,0.0000,0.0000,0.0445,0.0001,200,42.5494
0.0437,0.0000,0.0000,0.0000,0.0435,0.0001,200,42.5941
0.0465,0.0000,0.0000,0.0000,0.0464,0.0001,200,42.6377
0.0601,0.0000,0.0000,0.0000,0.0599,0.0002,200,42.6842
0.0741,0.0000,0.0000,0.0001,0.0739,0.0001,200,42.7443
0.0454,0.0000,0.0000,0.0000,0.0452,0.0001,200,42.8184
0.0400,0.0000,0.0000,0.0000,0.0398,0.0001,200,42.8638
0.0456,0.0000,0.0000,0.0000,0.0455,0.0001,200,42.9038
0.0612,0.0000,0.0000,0.0001,0.0610,0.0001,200,42.9495
0.0381,0.0000,0.0000,0.0000,0.0379,0.0001,200,43.0107
0.0420,0.0000,0.0000,0.0001,0.0418,0.0001,200,43.0488
0.0695,0.0000,0.0000,0.0000,0.0693,0.0001,200,43.0908
0.0490,0.0000,0.0000,0.0001,0.0486,0.0001,200,43.1603
0.0526,0.0000,0.0000,0.0000,0.0524,0.0001,200,43.2093
0.0329,0.0000,0.0000,0.0001,0.0326,0.0001,200,43.2618
0.0309,0.0000,0.0000,0.0000,0.0307,0.0001,200,43.2947
0.0662,0.0000,0.0000,0.0000,0.0661,0.0001,200,43.3256
0.0259,0.0000,0.0000,0.0001,0.0256,0.0001,200,43.3919
0.0371,0.0000,0.0000,0.0000,0.0369,0.0001,200,43.4177
0.0793,0.0000,0.0000,0.0000,0.0791,0.0001,200,43.4548
0.0412,0.0000,0.0000,0.0000,0.0410,0.0001,200,43.5341
0.0532,0.0000,0.0000,0.0000,0.0529,0.0002,200,43.5753
0.0495,0.0000,0.0000,0.0000,0.0493,0.0001,200,43.6285
0.0692,0.0000,0.0000,0.0000,0.0691,0.0001,200,43.6780
0.0698,0.0000,0.0000,0.0000,0.0697,0.0001,200,43.7473
0.0556,0.0000,0.0000,0.0000,0.0554,0.0001,200,43.8171
0.0640,0.0000,0.0000,0.0001,0.0639,0.0001,200,43.8727
0.0502,0.0000,0.0000,0.0001,0.0499,0.0002,200,43.9367
0.0510,0.0000,0.0000,0.0001,0.0508,0.0001,200,43.9869
0.0506,0.0000,0.0000,0.0001,0.0504,0.0001,200,44.0379
0.0524,0.0000,0.0000,0.0000,0.0522,0.0001,200,44.0885
0.0593,0.0000,0.0000,0.0000,0.0591,0.0001,200,44.1409
0.0656,0.0000,0.0000,0.0000,0.0654,0.0001,200,44.2002
0.0479,0.0000,0.0000,0.0000,0.0478,0.0001,200,44.2658
0.0569,0.0000,0.0000,0.0001,0.0567,0.0001,200,44.3138
0.0491,0.0000,0.0000,0.0000,0.0489,0.0001,200,44.3706
0.0415,0.0000,0.0000,0.0000,0.0413,0.0001,200,44.4197
0.0479,0.0000,0.0000,0.0001,0.0477,0.0001,200,44.4612
0.0697,0.0000,0.0000,0.0000,0.0695,0.0001,200,44.5091
0.0327,0.0000,0.0000,0.0000,0.0325,0.0001,200,44.5788
0.0578,0.0000,0.0000,0.0001,0.0575,0.0001,200,44.6115
0.0743,0.0000,0.0000,0.0000,0.0741,0.0001,200,44.6693
0.0744,0.0000,0.0000,0.0000,0.0743,0.0002,200,44.7436
0.0505,0.0000,0.0000,0.0000,0.0503,0.0001,200,44.8181
0.0502,0.0000,0.0000,0.0000,0.0500,0.0001,200,44.8685
0.0431,0.0000,0.0000,0.0000,0.0429,0.0001,200,44.9187
0.0628,0.0000,0.0000,0.0000,0.0626,0.0001,200,44.9618
0.0468,0.0000,0.0000,0.0000,0.0466,0.0001,200,45.0246
0.0258,0.0000,0.0000,0.0001,0.0256,0.0001,200,45.0714
0.0650,0.0000,0.0000,0.0000,0.0649,0.0001,200,45.0971
0.0596,0.0000,0.0000,0.0000,0.0594,0.0001,200,45.1622
0.0580,0.0000,0.0000,0.0001,0.0577,0.0002,200,45.2218
0.0498,0.0000,0.0000,0.0000,0.0495,0.0001,200,45.2798
0.0652,0.0000,0.0000,0.0000,0.0650,0.0002,200,45.3296
0.0500,0.0000,0.0000,0.0000,0.0498,0.0001,200,45.3948
0.0602,0.0000,0.0000,0.0001,0.0600,0.0001,200,45.4448
0.0596,0.0000,0.0000,0.0000,0.0593,0.0001,200,45.5050
0.0517,0.0000,0.0000,0.0000,0.0514,0.0001,200,45.5646
0.0566,0.0000,0.0000,0.0000,0.0564,0.0001,200,45.6163
0.0673,0.0000,0.0000,0.0000,0.0671,0.0001,200,45.6729
0.0608,0.0000,0.0000,0.0000,0.0607,0.0001,200,45.7402
0.0366,0.0000,0.0000,0.0001,0.0365,0.0001,200,45.8010
0.0598,0.0000,0.0000,0.0000,0.0597,0.0001,200,45.8376
0.0720,0.0000,0.0000,0.0000,0.0718,0.0001,200,45.8975
0.0413,0.0000,0.0000,0.0001,0.0411,0.0001,200,45.9695
0.0446,0.0000,0.0000,0.0000,0.0444,0.0001,200,46.0108
0.0343,0.0000,0.0000,0.0000,0.0342,0.0001,200,46.0554
0.0483,0.0000,0.0000,0.0000,0.0481,0.0001,200,46.0897
0.0697,0.0000,0.0000,0.0000,0.0696,0.0001,200,46.1380
0.0594,0.0000,0.0000,0.0000,0.0592,0.0001,200,46.2077
0.0596,0.0000,0.0000,0.0000,0.0594,0.0001,200,46.2671
0.0500,0.0000,0.0000,0.0000,0.0498,0.0001,200,46.3266
0.0378,0.0000,0.0000,0.0000,0.0376,0.0001,200,46.3766
0.0625,0.0000,0.0000,0.0001,0.0623,0.0001,200,46.4145
0.0583,0.0000,0.0000,0.0000,0.0582,0.0001,200,46.4770
0.0367,0.0000,0.0000,0.0000,0.0365,0.0002,200,46.5353
0.0416,0.0000,0.0000,0.0000,0.0413,0.0002,200,46.5721
0.0471,0.0000,0.0000,0.0000,0.0467,0.0002,200,46.6137
0.0364,0.0000,0.0000,0.0000,0.0363,0.0001,200,46.6607
0.0594,0.0000,0.0000,0.0000,0.0592,0.0001,200,46.6971
0.0646,0.0000,0.0000,0.0001,0.0644,0.0001,200,46.7565
0.0665,0.0000,0.0000,0.0000,0.0662,0.0002,200,46.8211
0.0572,0.0000,0.0000,0.0000,0.0570,0.0001,200,46.8877
0.0763,0.0000,0.0000,0.0000,0.0761,0.0001,200,46.9449
0.0606,0.0000,0.0000,0.0000,0.0604,0.0001,200,47.0212
0.0450,0.0000,0.0000,0.0000,0.0447,0.0001,200,47.0818
0.0355,0.0000,0.0000,0.0000,0.0353,0.0001,200,47.1268
0.0498,0.0000,0.0000,0.0000,0.0496,0.0001,200,47.1623
0.0321,0.0000,0.0000,0.0001,0.0319,0.0001,200,47.2122
0.0662,0.0000,0.0000,0.0000,0.0660,0.0001,200,47.2443
0.0678,0.0000,0.0000,0.0000,0.0675,0.0001,200,47.3105
0.0383,0.0000,0.0000,0.0000,0.0381,0.0001,200,47.3783
0.0667,0.0000,0.0000,0.0000,0.0666,0.0001,200,47.4166
0.0519,0.0000,0.0000,0.0000,0.0517,0.0001,200,47.4833
0.0483,0.0000,0.0000,0.0000,0.0481,0.0001,200,47.5352
0.0401,0.0000,0.0000,0.0000,0.0399,0.0001,200,47.5835
0.0435,0.0000,0.0000,0.0000,0.0433,0.0001,200,47.6237
0.0411,0.0000,0.0000,0.0000,0.0408,0.0001,200,47.6672
0.0586,0.0000,0.0000,0.0000,0.0585,0.0001,200,47.7082
0.0618,0.0000,0.0000,0.0000,0.0616,0.0001,200,47.7669
0.0547,0.0000,0.0000,0.0000,0.0545,0.0001,200,47.8287
0.0652,0.0000,0.0000,0.0000,0.0650,0.0002,200,47.8833
0.0623,0.0000,0.0000,0.0000,0.0621,0.0001,200,47.9485
0.0770,0.0000,0.0000,0.0000,0.0768,0.0001,200,48.0108
0.0454,0.0000,0.0000,0.0000,0.0453,0.0001,200,48.0878
0.0348,0.0000,0.0000,0.0000,0.0345,0.0001,200,48.1332
0.0554,0.0000,0.0000,0.0000,0.0552,0.0001,200,48.1680
0.0778,0.0000,0.0000,0.0000,0.0776,0.0001,200,48.2234
0.0488,0.0000,0.0000,0.0000,0.0487,0.0001,200,48.3012
0.0593,0.0000,0.0000,0.0000,0.0590,0.0001,200,48.3501
0.0589,0.0000,0.0000,0.0001,0.0586,0.0002,200,48.4093
0.0583,0.0000,0.0000,0.0000,0.0582,0.0001,200,48.4683
0.0646,0.0000,0.0000,0.0000,0.0644,0.0001,200,48.5266
0.0416,0.0000,0.0000,0.0000,0.0414,0.0001,200,48.5912
0.0591,0.0000,0.0000,0.0000,0.0589,0.0001,200,48.6328
0.0325,0.0000,0.0000,0.0000,0.0322,0.0001,200,48.6919
0.0547,0.0000,0.0000,0.0000,0.0545,0.0001,200,48.7244
0.0499,0.0000,0.0000,0.0000,0.0498,0.0001,200,48.7791
0.0450,0.0000,0.0000,0.0000,0.0448,0.0001,200,48.8290
0.0393,0.0000,0.0000,0.0000,0.0391,0.0001,200,48.8741
0.0463,0.0000,0.0000,0.0000,0.0461,0.0001,200,48.9134
0.0476,0.0000,0.0000,0.0000,0.0475,0.0001,200,48.9597
0.0690,0.0000,0.0000,0.0000,0.0688,0.0001,200,49.0073
0.0640,0.0000,0.0000,0.0000,0.0638,0.0001,200,49.0763
0.0385,0.0000,0.0000,0.0001,0.0383,0.0001,200,49.1403
0.0751,0.0000,0.0000,0.0000,0.0749,0.0001,200,49.1788
0.0309,0.0000,0.0000,0.0000,0.0308,0.0001,200,49.2539
0.0791,0.0000,0.0000,0.0000,0.0789,0.0001,200,49.2849
0.0592,0.0000,0.0000,0.0000,0.0590,0.0001,200,49.3639
0.0733,0.0000,0.0000,0.0000,0.0731,0.0001,200,49.4231
0.0579,0.0000,0.0000,0.0000,0.0576,0.0001,200,49.4964
0.0618,0.0000,0.0000,0.0000,0.0617,0.0001,200,49.5543
0.0400,0.0000,0.0000,0.0000,0.0398,0.0001,200,49.6161
0.0496,0.0000,0.0000,0.0000,0.0494,0.0001,200,49.6561
0.0716,0.0000,0.0000,0.0001,0.0714,0.0001,200,49.7057
0.0421,0.0000,0.0000,0.0000,0.0418,0.0001,200,49.7773
0.0273,0.0000,0.0000,0.0000,0.0272,0.0001,200,49.8193
0.0512,0.0000,0.0000,0.0000,0.0510,0.0001,200,49.8466
0.0684,0.0000,0.0000,0.0000,0.0682,0.0001,200,49.8978
0.0532,0.0000,0.0000,0.0000,0.0530,0.0001,200,49.9663
0.0413,0.0000,0.0000,0.0000,0.0411,0.0001,200,50.0195
0.0498,0.0000,0.0000,0.0000,0.0496,0.0001,200,50.0608
0.0563,0.0000,0.0000,0.0000,0.0561,0.0001,200,50.1106
0.0683,0.0000,0.0000,0.0000,0.0681,0.0001,200,50.1669
0.0467,0.0000,0.0000,0.0001,0.0465,0.0002,200,50.2352
0.0557,0.0000,0.0000,0.0000,0.0555,0.0001,200,50.2820
0.0559,0.0000,0.0000,0.0000,0.0558,0.0001,200,50.3377
0.0657,0.0000,0.0000,0.0000,0.0655,0.0001,200,50.3936
0.0527,0.0000,0.0000,0.0000,0.0525,0.0001,200,50.4593
0.0509,0.0000,0.0000,0.0000,0.0506,0.0001,200,50.5120
0.0460,0.0000,0.0000,0.0001,0.0458,0.0001,200,50.5629
0.0798,0.0000,0.0000,0.0000,0.0797,0.0001,200,50.6090
0.0497,0.0000,0.0000,0.0000,0.0496,0.0001,200,50.6888
0.0604,0.0000,0.0000,0.0000,0.0602,0.0001,200,50.7385
0.0302,0.0000,0.0000,0.0001,0.0299,0.0001,200,50.7989
0.0393,0.0000,0.0000,0.0000,0.0391,0.0001,200,50.8291
0.0379,0.0000,0.0000,0.0000,0.0378,0.0001,200,50.8684
0.0456,0.0000,0.0000,0.0000,0.0454,0.0001,200,50.9063
0.0650,0.0000,0.0000,0.0001,0.0648,0.0001,200,50.9519
0.0553,0.0000,0.0000,0.0000,0.0550,0.0001,200,51.0169
0.0610,0.0000,0.0000,0.0000,0.0607,0.0001,200,51.0722
0.0355,0.0000,0.0000,0.0001,0.0352,0.0001,200,51.1332
0.0484,0.0000,0.0000,0.0000,0.0481,0.0002,200,51.1686
0.0710,0.0000,0.0000,0.0001,0.0706,0.0002,200,51.2171
0.0629,0.0000,0.0000,0.0000,0.0626,0.0002,200,51.2881
0.0352,0.0000,0.0000,0.0001,0.0349,0.0001,200,51.3510
0.0738,0.0000,0.0000,0.0000,0.0736,0.0001,200,51.3862
0.0482,0.0000,0.0000,0.0001,0.0480,0.0001,200,51.4600
0.0653,0.0000,0.0000,0.0000,0.0651,0.0001,200,51.5082
0.0527,0.0000,0.0000,0.0000,0.0526,0.0001,200,51.5736
0.1904,0.0000,0.0000,0.0000,0.1903,0.0001,200,51.6263
0.0577,0.0000,0.0000,0.0000,0.0576,0.0001,200,51.8167
0.0292,0.0000,0.0000,0.0000,0.0289,0.0002,200,51.8745
0.0597,0.0000,0.0000,0.0001,0.0594,0.0001,200,51.9037
0.0593,0.0000,0.0000,0.0000,0.0591,0.0001,200,51.9634
0.0423,0.0000,0.0000,0.0001,0.0421,0.0001,200,52.0226
0.0585,0.0000,0.0000,0.0000,0.0584,0.0001,200,52.0649
0.0592,0.0000,0.0000,0.0000,0.0591,0.0001,200,52.1235
0.0416,0.0000,0.0000,0.0000,0.0414,0.0002,200,52.1827
0.0652,0.0000,0.0000,0.0001,0.0650,0.0001,200,52.2243
0.0597,0.0000,0.0000,0.0000,0.0595,0.0001,200,52.2895
0.0747,0.0000,0.0000,0.0000,0.0746,0.0001,200,52.3492
0.0523,0.0000,0.0000,0.0000,0.0522,0.0001,200,52.4239
0.0485,0.0000,0.0000,0.0000,0.0483,0.0001,200,52.4763
0.0398,0.0000,0.0000,0.0000,0.0396,0.0001,200,52.5247
0.0457,0.0000,0.0000,0.0000,0.0455,0.0001,200,52.5645
0.0591,0.0000,0.0000,0.0000,0.0589,0.0001,200,52.6102
0.0580,0.0000,0.0000,0.0000,0.0579,0.0001,200,52.6693
0.1507,0.0000,0.0000,0.0000,0.1504,0.0001,200,52.7273
0.0659,0.0000,0.0000,0.0000,0.0657,0.0001,200,52.8780
0.0488,0.0000,0.0000,0.0001,0.0486,0.0001,200,52.9439
0.0516,0.0000,0.0000,0.0000,0.0514,0.0001,200,52.9927
0.0730,0.0000,0.0000,0.0001,0.0727,0.0001,200,53.0442
0.0457,0.0000,0.0000,0.0001,0.0455,0.0001,200,53.1172
0.0591,0.0000,0.0000,0.0000,0.0589,0.0001,200,53.1630
0.0376,0.0000,0.0000,0.0000,0.0375,0.0001,200,53.2220
0.0636,0.0000,0.0000,0.0000,0.0635,0.0001,200,53.2597
0.0490,0.0000,0.0000,0.0000,0.0489,0.0001,200,53.3233
0.0298,0.0000,0.0000,0.0000,0.0296,0.0001,200,53.3724
0.0477,0.0000,0.0000,0.0000,0.0475,0.0001,200,53.4022
0.0381,0.0000,0.0000,0.0000,0.0378,0.0002,200,53.4499
0.0696,0.0000,0.0000,0.0001,0.0693,0.0001,200,53.4880
0.0464,0.0000,0.0000,0.0000,0.0462,0.0001,200,53.5576
0.0419,0.0000,0.0000,0.0000,0.0417,0.0001,200,53.6040
0.0421,0.0000,0.0000,0.0000,0.0419,0.0001,200,53.6459
0.0476,0.0000,0.0000,0.0000,0.0474,0.0002,200,53.6880
0.0679,0.0000,0.0000,0.0000,0.0676,0.0002,200,53.7357
0.0509,0.0000,0.0000,0.0000,0.0507,0.0001,200,53.8036
0.0769,0.0000,0.0000,0.0001,0.0766,0.0002,200,53.8545
0.0618,0.0000,0.0000,0.0002,0.0615,0.0001,200,53.9315
0.0622,0.0000,0.0000,0.0000,0.0620,0.0001,200,53.9933
0.0552,0.0000,0.0000,0.0001,0.0550,0.0001,200,54.0555
0.0402,0.0000,0.0000,0.0001,0.0399,0.0001,200,54.1108
0.0728,0.0000,0.0000,0.0000,0.0726,0.0001,200,54.1509
0.0645,0.0000,0.0000,0.0000,0.0644,0.0001,200,54.2237
0.0507,0.0000,0.0000,0.0000,0.0505,0.0001,200,54.2883
0.0580,0.0000,0.0000,0.0000,0.0578,0.0001,200,54.3390
0.0573,0.0000,0.0000,0.0000,0.0571,0.0001,200,54.3970
0.0546,0.0000,0.0000,0.0000,0.0544,0.0001,200,54.4543
0.0537,0.0000,0.0000,0.0000,0.0536,0.0001,200,54.5088
0.0366,0.0000,0.0000,0.0000,0.0364,0.0001,200,54.5626
0.0463,0.0000,0.0000,0.0000,0.0462,0.0001,200,54.5991
0.0577,0.0000,0.0000,0.0000,0.0575,0.0001,200,54.6455
0.0691,0.0000,0.0000,0.0000,0.0688,0.0002,200,54.7032
0.0565,0.0000,0.0000,0.0001,0.0561,0.0001,200,54.7723
0.0368,0.0000,0.0000,0.0000,0.0367,0.0001,200,54.8287
0.0510,0.0000,0.0000,0.0000,0.0509,0.0001,200,54.8655
0.0634,0.0000,0.0000,0.0000,0.0632,0.0001,200,54.9166
0.0514,0.0000,0.0000,0.0000,0.0513,0.0001,200,54.9800
0.0541,0.0000,0.0000,0.0001,0.0538,0.0001,200,55.0314
0.0526,0.0000,0.0000,0.0000,0.0524,0.0001,200,55.0855
0.0531,0.0000,0.0000,0.0000,0.0529,0.0001,200,55.1380
0.0638,0.0000,0.0000,0.0000,0.0637,0.0001,200,55.1911
0.0627,0.0000,0.0000,0.0000,0.0625,0.0001,200,55.2549
0.0645,0.0000,0.0000,0.0000,0.0643,0.0001,200,55.3176
0.0817,0.0000,0.0000,0.0000,0.0814,0.0001,200,55.3821
0.0553,0.0000,0.0000,0.0000,0.0551,0.0001,200,55.4638
0.0737,0.0000,0.0000,0.0000,0.0734,0.0001,200,55.5191
0.0587,0.0000,0.0000,0.0000,0.0585,0.0001,200,55.5928
0.0526,0.0000,0.0000,0.0000,0.0523,0.0001,200,55.6515
0.0740,0.0000,0.0000,0.0001,0.0738,0.0001,200,55.7041
0.0741,0.0000,0.0000,0.0000,0.0739,0.0001,200,55.7781
0.0477,0.0000,0.0000,0.0000,0.0476,0.0001,200,55.8523
0.0706,0.0000,0.0000,0.0000,0.0704,0.0001,200,55.9000
0.0481,0.0000,0.0000,0.0000,0.0478,0.0001,200,55.9706
0.0552,0.0000,0.0000,0.0000,0.0550,0.0001,200,56.0186
0.0631,0.0000,0.0000,0.0000,0.0628,0.0001,200,56.0738
0.0577,0.0000,0.0000,0.0000,0.0575,0.0001,200,56.1369
0.0689,0.0000,0.0000,0.0000,0.0687,0.0001,200,56.1946
0.0435,0.0000,0.0000,0.0001,0.0433,0.0001,200,56.2635
0.0398,0.0000,0.0000,0.0000,0.0396,0.0001,200,56.3071
0.0533,0.0000,0.0000,0.0000,0.0531,0.0001,200,56.3468
0.0533,0.0000,0.0000,0.0000,0.0531,0.0001,200,56.4002
0.0468,0.0000,0.0000,0.0000,0.0466,0.0001,200,56.4535
0.0526,0.0000,0.0000,0.0000,0.0524,0.0002,200,56.5003
0.0694,0.0000,0.0000,0.0000,0.0692,0.0001,200,56.5530
0.0623,0.0000,0.0000,0.0000,0.0622,0.0001,200,56.6224
0.0568,0.0000,0.0000,0.0000,0.0566,0.0001,200,56.6847
0.0576,0.0000,0.0000,0.0000,0.0574,0.0001,200,56.7415
0.0565,0.0000,0.0000,0.0001,0.0561,0.0002,200,56.7991
0.0465,0.0000,0.0000,0.0001,0.0463,0.0001,200,56.8556
0.0401,0.0000,0.0000,0.0000,0.0399,0.0002,200,56.9021
0.0654,0.0000,0.0000,0.0001,0.0652,0.0001,200,56.9422
0.0607,0.0000,0.0000,0.0001,0.0605,0.0001,200,57.0076
0.0730,0.0000,0.0000,0.0000,0.0726,0.0003,200,57.0683
0.0578,0.0000,0.0000,0.0001,0.0576,0.0001,200,57.1413
0.0550,0.0000,0.0000,0.0000,0.0548,0.0001,200,57.1991
0.0420,0.0000,0.0000,0.0000,0.0418,0.0001,200,57.2541
0.0524,0.0000,0.0000,0.0000,0.0521,0.0001,200,57.2961
0.0575,0.0000,0.0000,0.0000,0.0573,0.0001,200,57.3484
0.0560,0.0000,0.0000,0.0001,0.0556,0.0001,200,57.4059
0.0392,0.0000,0.0000,0.0001,0.0388,0.0003,200,57.4618
0.0275,0.0000,0.0000,0.0000,0.0273,0.0001,200,57.5010
0.0473,0.0000,0.0000,0.0000,0.0470,0.0002,200,57.5285
0.0587,0.0000,0.0000,0.0001,0.0585,0.0001,200,57.5758
0.0329,0.0000,0.0000,0.0001,0.0327,0.0001,200,57.6345
0.0569,0.0000,0.0000,0.0000,0.0567,0.0001,200,57.6674
0.0680,0.0000,0.0000,0.0000,0.0678,0.0001,200,57.7243
0.0298,0.0000,0.0000,0.0000,0.0297,0.0001,200,57.7923
0.0537,0.0000,0.0000,0.0000,0.0535,0.0001,200,57.8221
0.0581,0.0000,0.0000,0.0000,0.0578,0.0002,200,57.8758
0.0434,0.0000,0.0000,0.0000,0.0432,0.0001,200,57.9339
0.0432,0.0000,0.0000,0.0000,0.0429,0.0002,200,57.9773
0.0501,0.0000,0.0000,0.0000,0.0498,0.0002,200,58.0205
0.0698,0.0000,0.0000,0.0001,0.0695,0.0001,200,58.0706
0.0593,0.0000,0.0000,0.0001,0.0590,0.0002,200,58.1403
0.0505,0.0000,0.0000,0.0000,0.0501,0.0002,200,58.1996
0.0527,0.0000,0.0000,0.0001,0.0525,0.0001,200,58.2501
0.0738,0.0000,0.0000,0.0000,0.0737,0.0001,200,58.3027
0.0465,0.0000,0.0000,0.0000,0.0462,0.0001,200,58.3766
0.0479,0.0000,0.0000,0.0001,0.0477,0.0001,200,58.4230
0.0668,0.0000,0.0000,0.0001,0.0666,0.0001,200,58.4710
0.0729,0.0000,0.0000,0.0000,0.0727,0.0001,200,58.5378
0.0599,0.0000,0.0000,0.0001,0.0597,0.0001,200,58.6106
0.0524,0.0000,0.0000,0.0000,0.0523,0.0001,200,58.6706
0.0503,0.0000,0.0000,0.0000,0.0501,0.0001,200,58.7230
0.0454,0.0000,0.0000,0.0000,0.0451,0.0002,200,58.7733
0.0492,0.0000,0.0000,0.0001,0.0490,0.0001,200,58.8187
0.0621,0.0000,0.0000,0.0000,0.0620,0.0001,200,58.8678
0.0597,0.0000,0.0000,0.0000,0.0595,0.0001,200,58.9299
0.0496,0.0000,0.0000,0.0000,0.0494,0.0001,200,58.9897
0.0634,0.0000,0.0000,0.0001,0.0632,0.0001,200,59.0392
0.0625,0.0000,0.0000,0.0000,0.0624,0.0001,200,59.1026
0.0568,0.0000,0.0000,0.0000,0.0566,0.0001,200,59.1652
0.0515,0.0000,0.0000,0.0000,0.0513,0.0001,200,59.2219
0.0539,0.0000,0.0000,0.0000,0.0538,0.0001,200,59.2735
0.0487,0.0000,0.0000,0.0000,0.0485,0.0001,200,59.3274
0.0660,0.0000,0.0000,0.0000,0.0659,0.0001,200,59.3761
0.0443,0.0000,0.0000,0.0000,0.0441,0.0001,200,59.4421
0.0704,0.0000,0.0000,0.0000,0.0702,0.0001,200,59.4865
0.0692,0.0000,0.0000,0.0000,0.0690,0.0001,200,59.5569
0.0469,0.0000,0.0000,0.0001,0.0467,0.0001,200,59.6260
0.0704,0.0000,0.0000,0.0000,0.0702,0.0001,200,59.6729
0.0470,0.0000,0.0000,0.0000,0.0468,0.0001,200,59.7434
0.0579,0.0000,0.0000,0.0000,0.0578,0.0001,200,59.7904
0.0667,0.0000,0.0000,0.0000,0.0665,0.0001,200,59.8483
0.0494,0.0000,0.0000,0.0000,0.0492,0.0001,200,59.9150
0.0663,0.0000,0.0000,0.0000,0.0661,0.0001,200,59.9644
